:Data_list: 20180224_Gp_part_5m.txt
:Created: 2018 Feb 25 0011 UTC
# Prepared by the U.S. Dept. of Commerce, NOAA, Space Weather Prediction Center
# Please send comments and suggestions to SWPC.Webmaster@noaa.gov 
# 
# Label: P > 1 = Particles at >1 Mev
# Label: P > 5 = Particles at >5 Mev
# Label: P >10 = Particles at >10 Mev
# Label: P >30 = Particles at >30 Mev
# Label: P >50 = Particles at >50 Mev
# Label: P>100 = Particles at >100 Mev
# Label: E>0.8 = Electrons at >0.8 Mev
# Label: E>2.0 = Electrons at >2.0 Mev
# Label: E>4.0 = Electrons at >4.0 Mev
# Units: Particles = Protons/cm2-s-sr
# Units: Electrons = Electrons/cm2-s-sr
# Source: GOES-15
# Location: W135
# Missing data: -1.00e+05
#
#                      5-minute  GOES-15 Solar Particle and Electron Flux
#
#                 Modified Seconds
# UTC Date  Time   Julian  of the
# YR MO DA  HHMM    Day     Day     P > 1     P > 5     P >10     P >30     P >50     P>100     E>0.8     E>2.0     E>4.0
#-------------------------------------------------------------------------------------------------------------------------
2018 02 24  0000   58173      0   1.59e+01  3.42e-01  3.06e-01  6.98e-02  5.58e-02  2.85e-02  6.68e+04  1.34e+03 -1.00e+05
2018 02 24  0005   58173    300   1.51e+01  1.96e-01  1.40e-01  7.80e-02  6.47e-02  3.77e-02  6.32e+04  1.21e+03 -1.00e+05
2018 02 24  0010   58173    600   2.08e+01  3.53e-01  2.02e-01  1.23e-01  1.04e-01  7.48e-02  6.43e+04  1.19e+03 -1.00e+05
2018 02 24  0015   58173    900   1.50e+01  2.19e-01  1.82e-01  1.22e-01  8.79e-02  3.70e-02  6.26e+04  1.18e+03 -1.00e+05
2018 02 24  0020   58173   1200   1.45e+01  3.13e-01  2.76e-01  1.14e-01  1.01e-01  4.30e-02  6.19e+04  1.13e+03 -1.00e+05
2018 02 24  0025   58173   1500   1.19e+01  2.20e-01  1.84e-01  1.13e-01  9.75e-02  6.98e-02  6.23e+04  1.11e+03 -1.00e+05
2018 02 24  0030   58173   1800   1.36e+01  2.06e-01  1.69e-01  1.09e-01  6.46e-02  2.85e-02  6.33e+04  1.08e+03 -1.00e+05
2018 02 24  0035   58173   2100   1.04e+01  1.72e-01  1.35e-01  7.63e-02  5.72e-02  2.85e-02  6.12e+04  9.72e+02 -1.00e+05
2018 02 24  0040   58173   2400   9.82e+00  1.64e-01  1.28e-01  6.89e-02  5.56e-02  2.85e-02  5.37e+04  7.21e+02 -1.00e+05
2018 02 24  0045   58173   2700   1.09e+01  2.70e-01  2.34e-01  7.81e-02  6.48e-02  3.77e-02  5.52e+04  7.35e+02 -1.00e+05
2018 02 24  0050   58173   3000   2.08e+01  3.55e-01  1.71e-01  1.08e-01  9.44e-02  4.10e-02  6.47e+04  1.05e+03 -1.00e+05
2018 02 24  0055   58173   3300   1.19e+01  1.89e-01  1.52e-01  9.36e-02  8.03e-02  5.32e-02  6.64e+04  1.13e+03 -1.00e+05
2018 02 24  0100   58173   3600   1.14e+01  2.13e-01  1.76e-01  1.16e-01  6.61e-02  2.85e-02  6.41e+04  1.02e+03 -1.00e+05
2018 02 24  0105   58173   3900   1.10e+01  1.72e-01  1.35e-01  7.64e-02  6.30e-02  3.09e-02  6.38e+04  1.06e+03 -1.00e+05
2018 02 24  0110   58173   4200   9.55e+00  1.85e-01  1.49e-01  6.89e-02  5.56e-02  2.85e-02  5.98e+04  9.24e+02 -1.00e+05
2018 02 24  0115   58173   4500   1.27e+01  3.13e-01  1.60e-01  8.05e-02  6.72e-02  4.01e-02  5.83e+04  8.49e+02 -1.00e+05
2018 02 24  0120   58173   4800   8.12e+00  1.66e-01  1.29e-01  7.01e-02  5.68e-02  2.89e-02  5.58e+04  8.00e+02 -1.00e+05
2018 02 24  0125   58173   5100   6.77e+00  2.47e-01  2.10e-01  1.52e-01  1.38e-01  5.51e-02  4.54e+04  5.26e+02 -1.00e+05
2018 02 24  0130   58173   5400   6.68e+00  1.64e-01  1.28e-01  6.89e-02  5.56e-02  2.85e-02  3.74e+04  3.44e+02 -1.00e+05
2018 02 24  0135   58173   5700   7.54e+00  2.82e-01  1.33e-01  6.98e-02  5.58e-02  2.85e-02  3.43e+04  3.01e+02 -1.00e+05
2018 02 24  0140   58173   6000   5.25e+00  2.13e-01  1.78e-01  1.18e-01  6.32e-02  2.82e-02  3.43e+04  2.67e+02 -1.00e+05
2018 02 24  0145   58173   6300   1.56e+01  3.58e-01  1.30e-01  6.80e-02  5.50e-02  2.82e-02  4.21e+04  4.17e+02 -1.00e+05
2018 02 24  0150   58173   6600   1.14e+01  2.58e-01  1.70e-01  1.03e-01  9.00e-02  3.94e-02  4.50e+04  4.67e+02 -1.00e+05
2018 02 24  0155   58173   6900   1.20e+01  3.27e-01  1.63e-01  8.23e-02  6.93e-02  4.25e-02  4.53e+04  4.99e+02 -1.00e+05
2018 02 24  0200   58173   7200   5.72e+00  1.72e-01  1.37e-01  7.87e-02  6.02e-02  2.93e-02  4.23e+04  4.42e+02 -1.00e+05
2018 02 24  0205   58173   7500   3.87e+00  1.61e-01  1.26e-01  6.80e-02  5.50e-02  2.82e-02  3.12e+04  2.46e+02 -1.00e+05
2018 02 24  0210   58173   7800   5.50e+00  2.70e-01  2.34e-01  6.99e-02  5.69e-02  3.01e-02  3.10e+04  2.64e+02 -1.00e+05
2018 02 24  0215   58173   8100   5.83e+00  1.95e-01  1.60e-01  1.02e-01  8.91e-02  6.23e-02  4.17e+04  4.22e+02 -1.00e+05
2018 02 24  0220   58173   8400   7.30e+00  2.04e-01  1.69e-01  8.17e-02  5.81e-02  2.82e-02  4.67e+04  5.30e+02 -1.00e+05
2018 02 24  0225   58173   8700   8.69e+00  1.61e-01  1.26e-01  6.80e-02  5.50e-02  2.82e-02  5.32e+04  6.66e+02 -1.00e+05
2018 02 24  0230   58173   9000   1.47e+01  3.10e-01  1.30e-01  6.80e-02  5.50e-02  2.82e-02  5.63e+04  7.40e+02 -1.00e+05
2018 02 24  0235   58173   9300   8.06e+00  2.38e-01  2.03e-01  1.43e-01  8.88e-02  4.99e-02  5.67e+04  7.37e+02 -1.00e+05
2018 02 24  0240   58173   9600   6.41e+00  4.14e-01  3.79e-01  1.34e-01  6.99e-02  2.82e-02  5.27e+04  6.31e+02 -1.00e+05
2018 02 24  0245   58173   9900   5.04e+00  2.03e-01  1.68e-01  1.10e-01  9.70e-02  2.92e-02  5.27e+04  6.25e+02 -1.00e+05
2018 02 24  0250   58173  10200   4.05e+00  2.30e-01  1.94e-01  1.34e-01  7.75e-02  4.25e-02  4.75e+04  4.92e+02 -1.00e+05
2018 02 24  0255   58173  10500   3.96e+00  5.06e-01  3.49e-01  1.02e-01  8.87e-02  5.71e-02  3.03e+04  2.27e+02 -1.00e+05
2018 02 24  0300   58173  10800   2.82e+00  5.63e-01  2.60e-01  6.80e-02  5.50e-02  2.82e-02  1.72e+04  7.98e+01 -1.00e+05
2018 02 24  0305   58173  11100   1.88e+00  1.66e-01  1.30e-01  7.22e-02  5.87e-02  2.93e-02  1.94e+04  9.81e+01 -1.00e+05
2018 02 24  0310   58173  11400   2.24e+00  1.69e-01  1.33e-01  7.51e-02  5.66e-02  2.82e-02  2.52e+04  1.52e+02 -1.00e+05
2018 02 24  0315   58173  11700   3.76e+00  6.11e-01  2.89e-01  6.80e-02  5.50e-02  2.82e-02  2.56e+04  1.52e+02 -1.00e+05
2018 02 24  0320   58173  12000   2.57e+00  2.50e-01  1.85e-01  1.21e-01  8.75e-02  5.48e-02  2.79e+04  1.87e+02 -1.00e+05
2018 02 24  0325   58173  12300   3.10e+00  1.76e-01  1.40e-01  8.17e-02  5.81e-02  2.82e-02  3.59e+04  2.97e+02 -1.00e+05
2018 02 24  0330   58173  12600   5.34e+00  3.24e-01  1.61e-01  7.98e-02  6.68e-02  4.00e-02  4.17e+04  3.86e+02 -1.00e+05
2018 02 24  0335   58173  12900   3.53e+00  3.47e-01  3.11e-01  6.86e-02  5.52e-02  2.82e-02  4.20e+04  3.80e+02 -1.00e+05
2018 02 24  0340   58173  13200   3.30e+00  1.61e-01  1.26e-01  6.80e-02  5.50e-02  2.82e-02  4.68e+04  4.84e+02 -1.00e+05
2018 02 24  0345   58173  13500   4.87e+00  3.43e-01  1.80e-01  9.96e-02  8.66e-02  5.98e-02  4.79e+04  5.18e+02 -1.00e+05
2018 02 24  0350   58173  13800   5.90e+00  3.36e-01  1.57e-01  9.46e-02  8.17e-02  5.48e-02  5.31e+04  6.57e+02 -1.00e+05
2018 02 24  0355   58173  14100   4.20e+00  2.23e-01  1.58e-01  9.46e-02  8.17e-02  5.48e-02  4.99e+04  6.06e+02 -1.00e+05
2018 02 24  0400   58173  14400   2.35e+00  3.08e-01  2.73e-01  2.13e-01  1.33e-01  5.23e-02  3.75e+04  3.42e+02 -1.00e+05
2018 02 24  0405   58173  14700   2.89e+00  1.61e-01  1.26e-01  6.80e-02  5.50e-02  2.82e-02  4.39e+04  4.50e+02 -1.00e+05
2018 02 24  0410   58173  15000   3.26e+00  1.63e-01  1.28e-01  6.99e-02  5.69e-02  3.01e-02  4.67e+04  5.02e+02 -1.00e+05
2018 02 24  0415   58173  15300   3.18e+00  1.61e-01  1.26e-01  6.80e-02  5.50e-02  2.82e-02  4.76e+04  5.38e+02 -1.00e+05
2018 02 24  0420   58173  15600   4.04e+00  1.61e-01  1.26e-01  6.80e-02  5.50e-02  2.82e-02  5.07e+04  6.14e+02 -1.00e+05
2018 02 24  0425   58173  15900   5.90e+00  2.56e-01  1.40e-01  6.80e-02  5.50e-02  2.82e-02  5.06e+04  6.10e+02 -1.00e+05
2018 02 24  0430   58173  16200   5.31e+00  2.56e-01  1.40e-01  6.80e-02  5.50e-02  2.82e-02  4.79e+04  5.54e+02 -1.00e+05
2018 02 24  0435   58173  16500   3.19e+00  2.21e-01  1.85e-01  1.07e-01  9.41e-02  6.72e-02  4.60e+04  5.08e+02 -1.00e+05
2018 02 24  0440   58173  16800   5.70e+00  3.58e-01  1.30e-01  6.80e-02  5.50e-02  2.82e-02  4.50e+04  4.91e+02 -1.00e+05
2018 02 24  0445   58173  17100   2.92e+00  3.87e-01  3.52e-01  1.08e-01  6.40e-02  2.82e-02  4.50e+04  4.81e+02 -1.00e+05
2018 02 24  0450   58173  17400   2.30e+00  1.61e-01  1.26e-01  6.80e-02  5.50e-02  2.82e-02  3.88e+04  3.89e+02 -1.00e+05
2018 02 24  0455   58173  17700   2.49e+00  1.61e-01  1.26e-01  6.80e-02  5.50e-02  2.82e-02  3.65e+04  3.48e+02 -1.00e+05
2018 02 24  0500   58173  18000   2.35e+00  1.83e-01  1.48e-01  8.97e-02  7.67e-02  4.99e-02  3.55e+04  3.31e+02 -1.00e+05
2018 02 24  0505   58173  18300   3.13e+00  3.14e-01  1.49e-01  6.80e-02  5.50e-02  2.82e-02  3.26e+04  2.94e+02 -1.00e+05
2018 02 24  0510   58173  18600   2.15e+00  2.24e-01  1.89e-01  7.98e-02  6.68e-02  4.00e-02  3.24e+04  2.93e+02 -1.00e+05
2018 02 24  0515   58173  18900   2.03e+00  1.61e-01  1.26e-01  6.80e-02  5.50e-02  2.82e-02  3.15e+04  2.84e+02 -1.00e+05
2018 02 24  0520   58173  19200   2.04e+00  2.20e-01  1.85e-01  1.27e-01  1.14e-01  8.70e-02  3.03e+04  2.70e+02 -1.00e+05
2018 02 24  0525   58173  19500   1.85e+00  1.61e-01  1.26e-01  6.80e-02  5.50e-02  2.82e-02  2.95e+04  2.48e+02 -1.00e+05
2018 02 24  0530   58173  19800   1.82e+00  1.65e-01  1.29e-01  7.16e-02  5.86e-02  2.93e-02  3.22e+04  2.81e+02 -1.00e+05
2018 02 24  0535   58173  20100   1.77e+00  1.81e-01  1.45e-01  8.72e-02  7.43e-02  4.74e-02  3.18e+04  2.75e+02 -1.00e+05
2018 02 24  0540   58173  20400   2.00e+00  2.09e-01  1.74e-01  1.14e-01  6.55e-02  2.82e-02  3.43e+04  3.10e+02 -1.00e+05
2018 02 24  0545   58173  20700   2.06e+00  2.40e-01  1.73e-01  6.80e-02  5.50e-02  2.82e-02  3.57e+04  3.37e+02 -1.00e+05
2018 02 24  0550   58173  21000   2.86e+00  3.28e-01  1.63e-01  8.17e-02  5.81e-02  2.82e-02  3.74e+04  3.55e+02 -1.00e+05
2018 02 24  0555   58173  21300   1.77e+00  1.63e-01  1.28e-01  6.99e-02  5.69e-02  3.01e-02  3.69e+04  3.51e+02 -1.00e+05
2018 02 24  0600   58173  21600   1.35e+00  1.76e-01  1.40e-01  8.23e-02  6.93e-02  4.25e-02  3.31e+04  2.81e+02 -1.00e+05
2018 02 24  0605   58173  21900   1.69e+00  2.07e-01  1.72e-01  1.13e-01  7.04e-02  3.50e-02  2.97e+04  2.32e+02 -1.00e+05
2018 02 24  0610   58173  22200   2.81e+00  3.21e-01  1.56e-01  7.51e-02  5.66e-02  2.82e-02  3.08e+04  2.48e+02 -1.00e+05
2018 02 24  0615   58173  22500   1.91e+00  2.88e-01  2.52e-01  9.26e-02  7.93e-02  5.24e-02  3.12e+04  2.57e+02 -1.00e+05
2018 02 24  0620   58173  22800   2.20e+00  2.59e-01  1.76e-01  1.09e-01  9.62e-02  4.14e-02  3.00e+04  2.52e+02 -1.00e+05
2018 02 24  0625   58173  23100   2.26e+00  2.91e-01  1.75e-01  1.01e-01  6.25e-02  2.82e-02  2.94e+04  2.43e+02 -1.00e+05
2018 02 24  0630   58173  23400   2.30e+00  4.41e-01  2.76e-01  8.17e-02  5.81e-02  2.82e-02  2.57e+04  2.10e+02 -1.00e+05
2018 02 24  0635   58173  23700   1.67e+00  2.85e-01  1.30e-01  6.80e-02  5.50e-02  2.82e-02  2.50e+04  2.00e+02 -1.00e+05
2018 02 24  0640   58173  24000   9.41e-01  1.65e-01  1.29e-01  7.16e-02  5.86e-02  2.93e-02  2.53e+04  1.82e+02 -1.00e+05
2018 02 24  0645   58173  24300   1.33e+00  1.61e-01  1.26e-01  6.80e-02  5.50e-02  2.82e-02  2.24e+04  1.75e+02 -1.00e+05
2018 02 24  0650   58173  24600   9.86e-01  1.65e-01  1.29e-01  7.16e-02  5.86e-02  2.93e-02  2.12e+04  1.61e+02 -1.00e+05
2018 02 24  0655   58173  24900   1.85e+00  6.61e-01  3.09e-01  1.34e-01  1.21e-01  9.45e-02  2.13e+04  1.60e+02 -1.00e+05
2018 02 24  0700   58173  25200   9.97e-01  1.61e-01  1.26e-01  6.80e-02  5.50e-02  2.82e-02  2.17e+04  1.66e+02 -1.00e+05
2018 02 24  0705   58173  25500   9.97e-01  3.14e-01  1.49e-01  6.80e-02  5.50e-02  2.82e-02  1.77e+04  1.20e+02 -1.00e+05
2018 02 24  0710   58173  25800   7.88e-01  1.76e-01  1.40e-01  8.23e-02  6.93e-02  4.25e-02  1.68e+04  1.20e+02 -1.00e+05
2018 02 24  0715   58173  26100   7.83e-01  1.62e-01  1.26e-01  6.86e-02  5.52e-02  2.82e-02  1.67e+04  1.17e+02 -1.00e+05
2018 02 24  0720   58173  26400   9.52e-01  2.96e-01  2.60e-01  1.01e-01  8.31e-02  5.48e-02  1.69e+04  1.12e+02 -1.00e+05
2018 02 24  0725   58173  26700   9.84e-01  4.05e-01  3.69e-01  1.65e-01  1.52e-01  7.91e-02  1.72e+04  1.18e+02 -1.00e+05
2018 02 24  0730   58173  27000   1.34e+00  3.14e-01  1.49e-01  6.80e-02  5.50e-02  2.82e-02  1.78e+04  1.26e+02 -1.00e+05
2018 02 24  0735   58173  27300   6.13e-01  1.96e-01  1.60e-01  1.01e-01  6.25e-02  2.82e-02  1.87e+04  1.28e+02 -1.00e+05
2018 02 24  0740   58173  27600   1.06e+00  3.16e-01  1.79e-01  1.03e-01  9.00e-02  3.94e-02  1.87e+04  1.27e+02 -1.00e+05
2018 02 24  0745   58173  27900   6.10e-01  2.56e-01  1.40e-01  6.80e-02  5.50e-02  2.82e-02  1.86e+04  1.26e+02 -1.00e+05
2018 02 24  0750   58173  28200   6.43e-01  2.43e-01  2.08e-01  1.49e-01  1.10e-01  4.34e-02  1.32e+04  8.21e+01 -1.00e+05
2018 02 24  0755   58173  28500   1.10e+00  3.63e-01  2.47e-01  6.80e-02  5.50e-02  2.82e-02  1.77e+04  1.14e+02 -1.00e+05
2018 02 24  0800   58173  28800   1.51e+00  3.14e-01  1.49e-01  6.80e-02  5.50e-02  2.82e-02  2.41e+04  1.83e+02 -1.00e+05
2018 02 24  0805   58173  29100   1.18e+00  2.04e-01  1.69e-01  1.11e-01  9.81e-02  2.93e-02  2.59e+04  2.00e+02 -1.00e+05
2018 02 24  0810   58173  29400   3.46e+00  3.10e-01  1.30e-01  6.80e-02  5.50e-02  2.82e-02  3.86e+04  3.76e+02 -1.00e+05
2018 02 24  0815   58173  29700   1.93e+00  1.79e-01  1.43e-01  8.49e-02  6.22e-02  3.26e-02  3.81e+04  3.70e+02 -1.00e+05
2018 02 24  0820   58173  30000   1.52e+00  1.71e-01  1.35e-01  7.73e-02  6.44e-02  3.75e-02  3.48e+04  3.22e+02 -1.00e+05
2018 02 24  0825   58173  30300   1.70e+00  1.61e-01  1.26e-01  6.80e-02  5.50e-02  2.82e-02  3.63e+04  3.47e+02 -1.00e+05
2018 02 24  0830   58173  30600   5.04e+00  3.20e-01  2.85e-01  1.18e-01  6.32e-02  2.82e-02  4.12e+04  4.40e+02 -1.00e+05
2018 02 24  0835   58173  30900   9.86e+00  3.49e-01  1.85e-01  7.73e-02  6.44e-02  3.75e-02  3.57e+04  3.41e+02 -1.00e+05
2018 02 24  0840   58173  31200   2.83e+00  1.61e-01  1.26e-01  6.80e-02  5.50e-02  2.82e-02  3.54e+04  3.39e+02 -1.00e+05
2018 02 24  0845   58173  31500   1.68e+00  1.61e-01  1.26e-01  6.80e-02  5.50e-02  2.82e-02  3.55e+04  3.40e+02 -1.00e+05
2018 02 24  0850   58173  31800   2.25e+00  3.21e-01  1.56e-01  7.51e-02  5.66e-02  2.82e-02  3.44e+04  3.26e+02 -1.00e+05
2018 02 24  0855   58173  32100   1.98e+00  3.73e-01  2.58e-01  8.01e-02  6.31e-02  3.50e-02  3.35e+04  3.33e+02 -1.00e+05
2018 02 24  0900   58173  32400   1.58e+00  2.20e-01  1.85e-01  1.27e-01  1.14e-01  8.70e-02  3.58e+04  3.70e+02 -1.00e+05
2018 02 24  0905   58173  32700   1.78e+00  1.76e-01  1.40e-01  8.17e-02  5.81e-02  2.82e-02  3.79e+04  4.13e+02 -1.00e+05
2018 02 24  0910   58173  33000   2.07e+00  1.61e-01  1.26e-01  6.80e-02  5.50e-02  2.82e-02  4.01e+04  4.69e+02 -1.00e+05
2018 02 24  0915   58173  33300   2.64e+00  2.13e-01  1.46e-01  8.17e-02  5.81e-02  2.82e-02  4.16e+04  5.12e+02 -1.00e+05
2018 02 24  0920   58173  33600   2.18e+00  1.61e-01  1.26e-01  6.80e-02  5.50e-02  2.82e-02  3.94e+04  4.72e+02 -1.00e+05
2018 02 24  0925   58173  33900   2.07e+00  1.98e-01  1.62e-01  1.05e-01  9.16e-02  6.48e-02  3.55e+04  4.20e+02 -1.00e+05
2018 02 24  0930   58173  34200   2.27e+00  2.30e-01  1.95e-01  1.37e-01  1.24e-01  9.70e-02  3.32e+04  3.72e+02 -1.00e+05
2018 02 24  0935   58173  34500   2.18e+00  1.61e-01  1.26e-01  6.80e-02  5.50e-02  2.82e-02  3.42e+04  3.98e+02 -1.00e+05
2018 02 24  0940   58173  34800   2.17e+00  1.61e-01  1.26e-01  6.80e-02  5.50e-02  2.82e-02  3.35e+04  3.91e+02 -1.00e+05
2018 02 24  0945   58173  35100   1.82e+00  1.61e-01  1.26e-01  6.80e-02  5.50e-02  2.82e-02  3.16e+04  3.67e+02 -1.00e+05
2018 02 24  0950   58173  35400   1.59e+00  1.62e-01  1.26e-01  6.86e-02  5.52e-02  2.82e-02  3.16e+04  3.61e+02 -1.00e+05
2018 02 24  0955   58173  35700   2.26e+00  4.36e-01  3.70e-01  1.24e-01  7.08e-02  3.07e-02  3.01e+04  3.44e+02 -1.00e+05
2018 02 24  1000   58173  36000   1.59e+00  2.46e-01  2.10e-01  1.50e-01  8.49e-02  4.99e-02  2.84e+04  3.26e+02 -1.00e+05
2018 02 24  1005   58173  36300   1.40e+00  1.90e-01  1.54e-01  7.87e-02  6.57e-02  3.46e-02  2.73e+04  3.16e+02 -1.00e+05
2018 02 24  1010   58173  36600   2.00e+00  3.06e-01  2.18e-01  1.49e-01  1.00e-01  3.94e-02  2.78e+04  3.12e+02 -1.00e+05
2018 02 24  1015   58173  36900   1.35e+00  1.63e-01  1.28e-01  6.99e-02  5.69e-02  3.01e-02  2.93e+04  3.28e+02 -1.00e+05
2018 02 24  1020   58173  37200   1.53e+00  1.91e-01  1.55e-01  6.86e-02  5.52e-02  2.82e-02  2.98e+04  3.32e+02 -1.00e+05
2018 02 24  1025   58173  37500   1.52e+00  2.64e-01  1.48e-01  7.51e-02  5.66e-02  2.82e-02  2.86e+04  3.17e+02 -1.00e+05
2018 02 24  1030   58173  37800   3.04e+00  7.22e-01  3.54e-01  6.80e-02  5.50e-02  2.82e-02  2.91e+04  3.34e+02 -1.00e+05
2018 02 24  1035   58173  38100   1.45e+00  2.99e-01  2.63e-01  1.07e-01  9.41e-02  6.72e-02  2.90e+04  3.45e+02 -1.00e+05
2018 02 24  1040   58173  38400   2.37e+00  6.48e-01  3.88e-01  1.11e-01  8.92e-02  5.98e-02  3.03e+04  3.46e+02 -1.00e+05
2018 02 24  1045   58173  38700   1.45e+00  1.62e-01  1.26e-01  6.86e-02  5.52e-02  2.82e-02  3.02e+04  3.51e+02 -1.00e+05
2018 02 24  1050   58173  39000   1.90e+00  3.66e-01  2.03e-01  9.74e-02  7.85e-02  4.99e-02  3.12e+04  3.61e+02 -1.00e+05
2018 02 24  1055   58173  39300   1.44e+00  2.28e-01  1.92e-01  1.34e-01  1.22e-01  7.27e-02  3.23e+04  3.78e+02 -1.00e+05
2018 02 24  1100   58173  39600   2.20e+00  3.14e-01  1.49e-01  6.80e-02  5.50e-02  2.82e-02  3.22e+04  3.86e+02 -1.00e+05
2018 02 24  1105   58173  39900   1.60e+00  2.75e-01  2.40e-01  1.80e-01  1.37e-01  5.15e-02  3.15e+04  3.99e+02 -1.00e+05
2018 02 24  1110   58173  40200   1.77e+00  2.05e-01  1.70e-01  1.12e-01  9.70e-02  6.97e-02  3.27e+04  4.01e+02 -1.00e+05
2018 02 24  1115   58173  40500   1.98e+00  2.03e-01  1.67e-01  1.09e-01  9.62e-02  4.14e-02  3.38e+04  4.44e+02 -1.00e+05
2018 02 24  1120   58173  40800   1.72e+00  1.61e-01  1.26e-01  6.80e-02  5.50e-02  2.82e-02  3.40e+04  4.48e+02 -1.00e+05
2018 02 24  1125   58173  41100   2.70e+00  2.85e-01  1.72e-01  9.96e-02  8.66e-02  5.98e-02  3.28e+04  4.50e+02 -1.00e+05
2018 02 24  1130   58173  41400   2.94e+00  3.27e-01  1.63e-01  8.23e-02  6.93e-02  4.25e-02  3.37e+04  4.60e+02 -1.00e+05
2018 02 24  1135   58173  41700   2.31e+00  1.87e-01  1.52e-01  9.38e-02  7.38e-02  4.49e-02  3.38e+04  4.67e+02 -1.00e+05
2018 02 24  1140   58173  42000   2.35e+00  3.50e-01  3.14e-01  1.68e-01  1.24e-01  4.75e-02  3.06e+04  4.14e+02 -1.00e+05
2018 02 24  1145   58173  42300   3.19e+00  3.55e-01  1.90e-01  6.80e-02  5.50e-02  2.82e-02  3.01e+04  4.41e+02 -1.00e+05
2018 02 24  1150   58173  42600   3.01e+00  2.56e-01  1.40e-01  6.80e-02  5.50e-02  2.82e-02  3.01e+04  4.18e+02 -1.00e+05
2018 02 24  1155   58173  42900   2.59e+00  2.56e-01  1.40e-01  6.80e-02  5.50e-02  2.82e-02  3.02e+04  4.25e+02 -1.00e+05
2018 02 24  1200   58173  43200   2.20e+00  2.26e-01  1.91e-01  1.31e-01  7.20e-02  2.93e-02  3.12e+04  4.34e+02 -1.00e+05
2018 02 24  1205   58173  43500   2.97e+00  3.11e-01  1.31e-01  6.86e-02  5.52e-02  2.82e-02  3.21e+04  4.40e+02 -1.00e+05
2018 02 24  1210   58173  43800   1.68e+00  2.58e-01  2.22e-01  1.64e-01  1.22e-01  8.70e-02  3.55e+04  4.66e+02 -1.00e+05
2018 02 24  1215   58173  44100   1.75e+00  2.66e-01  2.00e-01  7.48e-02  6.19e-02  3.50e-02  3.56e+04  4.71e+02 -1.00e+05
2018 02 24  1220   58173  44400   1.77e+00  2.06e-01  1.39e-01  7.51e-02  5.66e-02  2.82e-02  3.74e+04  5.00e+02 -1.00e+05
2018 02 24  1225   58173  44700   1.77e+00  2.05e-01  1.70e-01  1.12e-01  9.90e-02  7.22e-02  3.60e+04  5.02e+02 -1.00e+05
2018 02 24  1230   58173  45000   1.97e+00  3.36e-01  3.01e-01  8.41e-02  7.11e-02  3.34e-02  3.55e+04  5.03e+02 -1.00e+05
2018 02 24  1235   58173  45300   2.70e+00  1.99e-01  1.32e-01  6.80e-02  5.50e-02  2.82e-02  3.63e+04  5.24e+02 -1.00e+05
2018 02 24  1240   58173  45600   4.06e+00  2.85e-01  1.69e-01  6.80e-02  5.50e-02  2.82e-02  3.49e+04  5.11e+02 -1.00e+05
2018 02 24  1245   58173  45900   2.98e+00  2.52e-01  2.17e-01  1.19e-01  1.06e-01  7.96e-02  3.56e+04  5.01e+02 -1.00e+05
2018 02 24  1250   58173  46200   3.31e+00  1.61e-01  1.26e-01  6.80e-02  5.50e-02  2.82e-02  3.71e+04  5.31e+02 -1.00e+05
2018 02 24  1255   58173  46500   4.85e+00  2.56e-01  1.40e-01  6.80e-02  5.50e-02  2.82e-02  3.79e+04  5.50e+02 -1.00e+05
2018 02 24  1300   58173  46800   4.13e+00  3.11e-01  1.95e-01  1.21e-01  6.32e-02  2.82e-02  3.81e+04  5.84e+02 -1.00e+05
2018 02 24  1305   58173  47100   3.45e+00  4.39e-01  4.03e-01  1.79e-01  1.66e-01  6.68e-02  3.99e+04  5.91e+02 -1.00e+05
2018 02 24  1310   58173  47400   2.85e+00  2.65e-01  2.29e-01  8.17e-02  5.81e-02  2.82e-02  3.98e+04  6.18e+02 -1.00e+05
2018 02 24  1315   58173  47700   4.12e+00  4.85e-01  3.69e-01  1.21e-01  6.70e-02  2.82e-02  4.12e+04  6.31e+02 -1.00e+05
2018 02 24  1320   58173  48000   2.70e+00  1.69e-01  1.33e-01  7.51e-02  5.66e-02  2.82e-02  4.16e+04  6.67e+02 -1.00e+05
2018 02 24  1325   58173  48300   3.69e+00  1.99e-01  1.35e-01  7.16e-02  5.86e-02  2.93e-02  4.16e+04  6.64e+02 -1.00e+05
2018 02 24  1330   58173  48600   2.92e+00  1.86e-01  1.50e-01  9.21e-02  7.92e-02  4.23e-02  4.20e+04  6.94e+02 -1.00e+05
2018 02 24  1335   58173  48900   2.94e+00  1.63e-01  1.28e-01  6.99e-02  5.69e-02  3.01e-02  4.37e+04  7.35e+02 -1.00e+05
2018 02 24  1340   58173  49200   4.67e+00  4.17e-01  2.52e-01  8.17e-02  5.81e-02  2.82e-02  4.42e+04  7.55e+02 -1.00e+05
2018 02 24  1345   58173  49500   2.76e+00  2.31e-01  1.95e-01  7.78e-02  6.49e-02  3.13e-02  4.50e+04  7.98e+02 -1.00e+05
2018 02 24  1350   58173  49800   3.53e+00  3.17e-01  2.51e-01  8.47e-02  7.18e-02  4.49e-02  4.52e+04  7.90e+02 -1.00e+05
2018 02 24  1355   58173  50100   5.64e+00  4.24e-01  1.30e-01  6.80e-02  5.50e-02  2.82e-02  4.57e+04  8.26e+02 -1.00e+05
2018 02 24  1400   58173  50400   5.37e+00  5.42e-01  2.96e-01  1.25e-01  1.12e-01  8.53e-02  4.66e+04  8.67e+02 -1.00e+05
2018 02 24  1405   58173  50700   3.29e+00  1.71e-01  1.35e-01  7.73e-02  6.44e-02  3.75e-02  4.71e+04  9.09e+02 -1.00e+05
2018 02 24  1410   58173  51000   3.01e+00  1.62e-01  1.26e-01  6.86e-02  5.52e-02  2.82e-02  4.90e+04  9.22e+02 -1.00e+05
2018 02 24  1415   58173  51300   6.09e+00  3.62e-01  1.34e-01  7.24e-02  5.94e-02  3.26e-02  4.92e+04  9.32e+02 -1.00e+05
2018 02 24  1420   58173  51600   3.24e+00  1.61e-01  1.26e-01  6.80e-02  5.50e-02  2.82e-02  4.98e+04  9.77e+02 -1.00e+05
2018 02 24  1425   58173  51900   3.38e+00  2.33e-01  1.97e-01  1.39e-01  1.26e-01  6.92e-02  5.19e+04  1.03e+03 -1.00e+05
2018 02 24  1430   58173  52200   3.39e+00  3.11e-01  2.75e-01  1.22e-01  1.09e-01  8.21e-02  5.19e+04  1.04e+03 -1.00e+05
2018 02 24  1435   58173  52500   3.49e+00  1.61e-01  1.26e-01  6.80e-02  5.50e-02  2.82e-02  5.19e+04  1.06e+03 -1.00e+05
2018 02 24  1440   58173  52800   3.21e+00  2.02e-01  1.66e-01  1.08e-01  9.24e-02  6.48e-02  5.19e+04  1.07e+03 -1.00e+05
2018 02 24  1445   58173  53100   5.54e+00  3.41e-01  1.80e-01  9.84e-02  6.46e-02  2.93e-02  5.20e+04  1.11e+03 -1.00e+05
2018 02 24  1450   58173  53400   3.55e+00  2.29e-01  1.93e-01  1.03e-01  9.00e-02  3.94e-02  5.30e+04  1.13e+03 -1.00e+05
2018 02 24  1455   58173  53700   3.60e+00  2.18e-01  1.82e-01  1.24e-01  1.11e-01  8.46e-02  5.46e+04  1.19e+03 -1.00e+05
2018 02 24  1500   58173  54000   5.36e+00  3.40e-01  1.78e-01  9.71e-02  8.42e-02  5.73e-02  5.46e+04  1.18e+03 -1.00e+05
2018 02 24  1505   58173  54300   3.92e+00  1.86e-01  1.50e-01  9.18e-02  6.32e-02  2.93e-02  5.59e+04  1.22e+03 -1.00e+05
2018 02 24  1510   58173  54600   5.37e+00  2.56e-01  1.40e-01  6.80e-02  5.50e-02  2.82e-02  5.72e+04  1.27e+03 -1.00e+05
2018 02 24  1515   58173  54900   4.26e+00  2.48e-01  2.12e-01  1.53e-01  1.16e-01  8.21e-02  5.73e+04  1.26e+03 -1.00e+05
2018 02 24  1520   58173  55200   5.15e+00  3.02e-01  2.13e-01  1.45e-01  1.24e-01  7.45e-02  5.73e+04  1.26e+03 -1.00e+05
2018 02 24  1525   58173  55500   6.54e+00  3.14e-01  1.49e-01  6.80e-02  5.50e-02  2.82e-02  5.73e+04  1.29e+03 -1.00e+05
2018 02 24  1530   58173  55800   4.19e+00  2.22e-01  1.87e-01  1.28e-01  1.05e-01  7.47e-02  5.78e+04  1.29e+03 -1.00e+05
2018 02 24  1535   58173  56100   6.16e+00  4.41e-01  3.25e-01  6.80e-02  5.50e-02  2.82e-02  5.90e+04  1.33e+03 -1.00e+05
2018 02 24  1540   58173  56400   4.36e+00  3.46e-01  3.11e-01  6.80e-02  5.50e-02  2.82e-02  5.73e+04  1.30e+03 -1.00e+05
2018 02 24  1545   58173  56700   4.21e+00  1.92e-01  1.57e-01  9.81e-02  6.94e-02  3.13e-02  5.73e+04  1.32e+03 -1.00e+05
2018 02 24  1550   58173  57000   4.28e+00  1.62e-01  1.26e-01  6.86e-02  5.52e-02  2.82e-02  5.80e+04  1.34e+03 -1.00e+05
2018 02 24  1555   58173  57300   4.68e+00  1.81e-01  1.45e-01  8.72e-02  7.43e-02  4.74e-02  5.99e+04  1.39e+03 -1.00e+05
2018 02 24  1600   58173  57600   7.57e+00  3.41e-01  1.67e-01  1.04e-01  7.57e-02  3.34e-02  5.99e+04  1.41e+03 -1.00e+05
2018 02 24  1605   58173  57900   4.45e+00  1.90e-01  1.55e-01  6.80e-02  5.50e-02  2.82e-02  5.99e+04  1.42e+03 -1.00e+05
2018 02 24  1610   58173  58200   4.59e+00  2.18e-01  1.82e-01  1.23e-01  8.97e-02  3.74e-02  6.00e+04  1.45e+03 -1.00e+05
2018 02 24  1615   58173  58500   5.09e+00  3.04e-01  2.69e-01  2.11e-01  1.87e-01  6.96e-02  6.26e+04  1.50e+03 -1.00e+05
2018 02 24  1620   58173  58800   9.64e+00  4.15e-01  1.84e-01  1.22e-01  1.09e-01  4.54e-02  6.26e+04  1.57e+03 -1.00e+05
2018 02 24  1625   58173  59100   5.53e+00  3.81e-01  3.45e-01  1.01e-01  6.25e-02  2.82e-02  6.28e+04  1.60e+03 -1.00e+05
2018 02 24  1630   58173  59400   5.76e+00  2.10e-01  1.75e-01  1.17e-01  1.04e-01  7.71e-02  6.40e+04  1.65e+03 -1.00e+05
2018 02 24  1635   58173  59700   5.67e+00  2.13e-01  1.77e-01  1.19e-01  1.06e-01  7.96e-02  6.53e+04  1.68e+03 -1.00e+05
2018 02 24  1640   58173  60000   6.31e+00  3.81e-01  3.45e-01  1.16e-01  1.03e-01  7.64e-02  6.53e+04  1.72e+03 -1.00e+05
2018 02 24  1645   58173  60300   6.12e+00  2.62e-01  2.26e-01  1.67e-01  1.34e-01  5.15e-02  6.75e+04  1.78e+03 -1.00e+05
2018 02 24  1650   58173  60600   6.59e+00  1.76e-01  1.40e-01  8.23e-02  6.93e-02  4.25e-02  6.79e+04  1.83e+03 -1.00e+05
2018 02 24  1655   58173  60900   9.29e+00  2.56e-01  1.40e-01  6.80e-02  5.50e-02  2.82e-02  6.79e+04  1.88e+03 -1.00e+05
2018 02 24  1700   58173  61200   9.02e+00  2.81e-01  1.67e-01  9.46e-02  8.17e-02  5.48e-02  6.79e+04  1.90e+03 -1.00e+05
2018 02 24  1705   58173  61500   6.96e+00  1.90e-01  1.55e-01  6.80e-02  5.50e-02  2.82e-02  6.79e+04  1.90e+03 -1.00e+05
2018 02 24  1710   58173  61800   7.24e+00  1.83e-01  1.48e-01  8.97e-02  7.67e-02  4.99e-02  6.87e+04  1.95e+03 -1.00e+05
2018 02 24  1715   58173  62100   7.81e+00  1.86e-01  1.50e-01  9.26e-02  7.97e-02  4.41e-02  7.11e+04  1.98e+03 -1.00e+05
2018 02 24  1720   58173  62400   8.07e+00  1.61e-01  1.26e-01  6.80e-02  5.50e-02  2.82e-02  7.13e+04  2.03e+03 -1.00e+05
2018 02 24  1725   58173  62700   8.12e+00  2.15e-01  1.79e-01  1.19e-01  6.32e-02  2.82e-02  7.13e+04  2.07e+03 -1.00e+05
2018 02 24  1730   58173  63000   7.61e+00  2.15e-01  1.79e-01  1.20e-01  6.51e-02  3.01e-02  7.13e+04  2.01e+03 -1.00e+05
2018 02 24  1735   58173  63300   7.74e+00  2.13e-01  1.77e-01  6.80e-02  5.50e-02  2.82e-02  7.13e+04  2.04e+03 -1.00e+05
2018 02 24  1740   58173  63600   7.24e+00  1.61e-01  1.26e-01  6.80e-02  5.50e-02  2.82e-02  7.13e+04  2.02e+03 -1.00e+05
2018 02 24  1745   58173  63900   1.05e+01  4.06e-01  2.90e-01  1.11e-01  6.81e-02  3.26e-02  7.12e+04  1.99e+03 -1.00e+05
2018 02 24  1750   58173  64200   8.77e+00  1.99e-01  1.32e-01  6.80e-02  5.50e-02  2.82e-02  7.13e+04  2.04e+03 -1.00e+05
2018 02 24  1755   58173  64500   7.45e+00  1.63e-01  1.28e-01  6.99e-02  5.69e-02  3.01e-02  7.13e+04  2.03e+03 -1.00e+05
2018 02 24  1800   58173  64800   7.70e+00  3.69e-01  3.34e-01  9.71e-02  8.42e-02  5.73e-02  7.13e+04  2.06e+03 -1.00e+05
2018 02 24  1805   58173  65100   7.68e+00  1.61e-01  1.26e-01  6.80e-02  5.50e-02  2.82e-02  7.13e+04  2.05e+03 -1.00e+05
2018 02 24  1810   58173  65400   9.86e+00  2.39e-01  1.73e-01  1.09e-01  7.91e-02  4.74e-02  7.13e+04  2.05e+03 -1.00e+05
2018 02 24  1815   58173  65700   7.34e+00  3.05e-01  2.69e-01  2.11e-01  1.98e-01  8.05e-02  7.11e+04  2.02e+03 -1.00e+05
2018 02 24  1820   58173  66000   1.23e+01  3.24e-01  1.61e-01  7.98e-02  6.68e-02  4.00e-02  7.13e+04  2.04e+03 -1.00e+05
2018 02 24  1825   58173  66300   8.07e+00  2.05e-01  1.70e-01  8.72e-02  7.43e-02  4.74e-02  7.13e+04  2.12e+03 -1.00e+05
2018 02 24  1830   58173  66600   7.81e+00  1.63e-01  1.28e-01  6.99e-02  5.69e-02  3.01e-02  7.13e+04  2.11e+03 -1.00e+05
2018 02 24  1835   58173  66900   1.47e+01  4.98e-01  2.60e-01  6.80e-02  5.50e-02  2.82e-02  7.13e+04  2.15e+03 -1.00e+05
2018 02 24  1840   58173  67200   8.27e+00  1.61e-01  1.26e-01  6.80e-02  5.50e-02  2.82e-02  7.13e+04  2.13e+03 -1.00e+05
2018 02 24  1845   58173  67500   8.64e+00  2.58e-01  2.23e-01  9.16e-02  6.80e-02  3.13e-02  7.31e+04  2.19e+03 -1.00e+05
2018 02 24  1850   58173  67800   8.21e+00  1.88e-01  1.52e-01  9.46e-02  8.17e-02  5.48e-02  7.14e+04  2.15e+03 -1.00e+05
2018 02 24  1855   58173  68100   1.30e+01  3.73e-01  2.00e-01  1.01e-01  6.25e-02  2.82e-02  7.13e+04  2.12e+03 -1.00e+05
2018 02 24  1900   58173  68400   7.80e+00  1.88e-01  1.52e-01  9.42e-02  8.12e-02  5.44e-02  7.13e+04  2.05e+03 -1.00e+05
2018 02 24  1905   58173  68700   1.22e+01  3.48e-01  1.83e-01  1.01e-01  6.25e-02  2.82e-02  7.13e+04  2.06e+03 -1.00e+05
2018 02 24  1910   58173  69000   7.55e+00  1.61e-01  1.26e-01  6.80e-02  5.50e-02  2.82e-02  7.13e+04  2.08e+03 -1.00e+05
2018 02 24  1915   58173  69300   7.48e+00  1.61e-01  1.26e-01  6.80e-02  5.50e-02  2.82e-02  7.13e+04  2.06e+03 -1.00e+05
2018 02 24  1920   58173  69600   8.23e+00  3.95e-01  3.59e-01  1.49e-01  9.58e-02  5.73e-02  7.13e+04  2.08e+03 -1.00e+05
2018 02 24  1925   58173  69900   7.69e+00  1.61e-01  1.26e-01  6.80e-02  5.50e-02  2.82e-02  7.13e+04  2.08e+03 -1.00e+05
2018 02 24  1930   58173  70200   7.42e+00  1.61e-01  1.26e-01  6.80e-02  5.50e-02  2.82e-02  7.13e+04  2.07e+03 -1.00e+05
2018 02 24  1935   58173  70500   7.35e+00  2.04e-01  1.69e-01  1.11e-01  9.81e-02  2.93e-02  7.13e+04  2.06e+03 -1.00e+05
2018 02 24  1940   58173  70800   7.68e+00  2.47e-01  2.11e-01  1.51e-01  9.73e-02  6.23e-02  7.13e+04  2.04e+03 -1.00e+05
2018 02 24  1945   58173  71100   7.32e+00  1.66e-01  1.30e-01  7.24e-02  5.94e-02  3.26e-02  7.13e+04  2.06e+03 -1.00e+05
2018 02 24  1950   58173  71400   8.24e+00  1.65e-01  1.29e-01  7.16e-02  5.86e-02  2.93e-02  7.23e+04  2.10e+03 -1.00e+05
2018 02 24  1955   58173  71700   8.59e+00  1.61e-01  1.26e-01  6.80e-02  5.50e-02  2.82e-02  7.53e+04  2.22e+03 -1.00e+05
2018 02 24  2000   58173  72000   9.34e+00  1.93e-01  1.57e-01  9.96e-02  8.66e-02  5.98e-02  7.53e+04  2.27e+03 -1.00e+05
2018 02 24  2005   58173  72300   9.15e+00  2.68e-01  2.33e-01  6.80e-02  5.50e-02  2.82e-02  7.53e+04  2.33e+03 -1.00e+05
2018 02 24  2010   58173  72600   9.24e+00  2.37e-01  2.01e-01  1.41e-01  8.65e-02  4.74e-02  7.53e+04  2.34e+03 -1.00e+05
2018 02 24  2015   58173  72900   9.57e+00  2.02e-01  1.67e-01  6.80e-02  5.50e-02  2.82e-02  7.53e+04  2.38e+03 -1.00e+05
2018 02 24  2020   58173  73200   9.84e+00  1.90e-01  1.55e-01  6.80e-02  5.50e-02  2.82e-02  7.59e+04  2.42e+03 -1.00e+05
2018 02 24  2025   58173  73500   1.88e+01  3.64e-01  1.40e-01  7.78e-02  6.49e-02  3.13e-02  7.87e+04  2.51e+03 -1.00e+05
2018 02 24  2030   58173  73800   9.97e+00  1.61e-01  1.26e-01  6.80e-02  5.50e-02  2.82e-02  7.93e+04  2.57e+03 -1.00e+05
2018 02 24  2035   58173  74100   1.02e+01  1.69e-01  1.33e-01  7.51e-02  5.66e-02  2.82e-02  7.93e+04  2.55e+03 -1.00e+05
2018 02 24  2040   58173  74400   1.03e+01  1.61e-01  1.26e-01  6.80e-02  5.50e-02  2.82e-02  7.93e+04  2.61e+03 -1.00e+05
2018 02 24  2045   58173  74700   1.05e+01  3.54e-01  3.18e-01  7.51e-02  5.66e-02  2.82e-02  7.93e+04  2.57e+03 -1.00e+05
2018 02 24  2050   58173  75000   1.00e+01  1.69e-01  1.33e-01  7.51e-02  5.66e-02  2.82e-02  7.93e+04  2.54e+03 -1.00e+05
2018 02 24  2055   58173  75300   9.98e+00  2.00e-01  1.65e-01  1.07e-01  9.41e-02  6.72e-02  7.93e+04  2.48e+03 -1.00e+05
2018 02 24  2100   58173  75600   1.57e+01  3.08e-01  1.54e-01  9.22e-02  7.92e-02  5.24e-02  7.90e+04  2.45e+03 -1.00e+05
2018 02 24  2105   58173  75900   9.52e+00  1.63e-01  1.28e-01  6.99e-02  5.69e-02  3.01e-02  7.79e+04  2.39e+03 -1.00e+05
2018 02 24  2110   58173  76200   1.12e+01  1.99e-01  1.40e-01  7.78e-02  6.49e-02  3.13e-02  7.76e+04  2.45e+03 -1.00e+05
2018 02 24  2115   58173  76500   1.33e+01  2.81e-01  1.66e-01  9.38e-02  7.38e-02  4.49e-02  7.82e+04  2.40e+03 -1.00e+05
2018 02 24  2120   58173  76800   9.88e+00  1.95e-01  1.60e-01  1.02e-01  8.91e-02  6.23e-02  7.91e+04  2.42e+03 -1.00e+05
2018 02 24  2125   58173  77100   9.97e+00  1.91e-01  1.55e-01  9.71e-02  8.42e-02  5.73e-02  7.93e+04  2.48e+03 -1.00e+05
2018 02 24  2130   58173  77400   9.97e+00  1.90e-01  1.55e-01  6.80e-02  5.50e-02  2.82e-02  7.93e+04  2.48e+03 -1.00e+05
2018 02 24  2135   58173  77700   1.07e+01  2.54e-01  2.19e-01  1.59e-01  1.10e-01  7.22e-02  7.93e+04  2.55e+03 -1.00e+05
2018 02 24  2140   58173  78000   2.00e+01  3.73e-01  1.80e-01  1.17e-01  8.82e-02  3.74e-02  7.93e+04  2.59e+03 -1.00e+05
2018 02 24  2145   58173  78300   9.57e+00  2.28e-01  1.92e-01  1.34e-01  1.21e-01  9.45e-02  7.93e+04  2.39e+03 -1.00e+05
2018 02 24  2150   58173  78600   8.85e+00  1.61e-01  1.26e-01  6.80e-02  5.50e-02  2.82e-02  7.85e+04  2.33e+03 -1.00e+05
2018 02 24  2155   58173  78900   1.45e+01  2.85e-01  1.30e-01  6.80e-02  5.50e-02  2.82e-02  7.75e+04  2.30e+03 -1.00e+05
2018 02 24  2200   58173  79200   9.11e+00  2.23e-01  1.87e-01  1.29e-01  1.16e-01  8.95e-02  7.90e+04  2.36e+03 -1.00e+05
2018 02 24  2205   58173  79500   1.57e+01  4.63e-01  2.59e-01  6.80e-02  5.50e-02  2.82e-02  7.93e+04  2.41e+03 -1.00e+05
2018 02 24  2210   58173  79800   9.24e+00  1.61e-01  1.26e-01  6.80e-02  5.50e-02  2.82e-02  7.66e+04  2.31e+03 -1.00e+05
2018 02 24  2215   58173  80100   1.45e+01  4.84e-01  2.80e-01  8.83e-02  5.96e-02  2.82e-02  7.53e+04  2.30e+03 -1.00e+05
2018 02 24  2220   58173  80400   8.68e+00  1.61e-01  1.26e-01  6.80e-02  5.50e-02  2.82e-02  7.50e+04  2.17e+03 -1.00e+05
2018 02 24  2225   58173  80700   8.08e+00  1.81e-01  1.45e-01  8.72e-02  7.43e-02  4.74e-02  7.19e+04  2.08e+03 -1.00e+05
2018 02 24  2230   58173  81000   1.05e+01  3.84e-01  2.69e-01  9.38e-02  7.38e-02  4.49e-02  7.13e+04  2.02e+03 -1.00e+05
2018 02 24  2235   58173  81300   7.34e+00  2.45e-01  2.09e-01  7.24e-02  5.94e-02  3.26e-02  7.13e+04  1.94e+03 -1.00e+05
2018 02 24  2240   58173  81600   1.10e+01  3.14e-01  1.49e-01  6.80e-02  5.50e-02  2.82e-02  7.13e+04  1.91e+03 -1.00e+05
2018 02 24  2245   58173  81900   1.05e+01  3.42e-01  1.78e-01  6.80e-02  5.50e-02  2.82e-02  7.04e+04  1.88e+03 -1.00e+05
2018 02 24  2250   58173  82200   1.29e+01  3.67e-01  1.39e-01  7.73e-02  6.44e-02  3.75e-02  7.11e+04  1.88e+03 -1.00e+05
2018 02 24  2255   58173  82500   7.49e+00  3.73e-01  3.37e-01  1.02e-01  8.91e-02  6.23e-02  7.13e+04  1.89e+03 -1.00e+05
2018 02 24  2300   58173  82800   8.98e+00  3.26e-01  2.14e-01  1.43e-01  1.23e-01  9.45e-02  7.13e+04  1.94e+03 -1.00e+05
2018 02 24  2305   58173  83100   6.77e+00  2.10e-01  1.74e-01  1.15e-01  6.32e-02  2.82e-02  7.13e+04  1.91e+03 -1.00e+05
2018 02 24  2310   58173  83400   1.07e+01  3.34e-01  1.71e-01  8.97e-02  7.67e-02  4.99e-02  7.13e+04  1.88e+03 -1.00e+05
2018 02 24  2315   58173  83700   6.62e+00  1.61e-01  1.26e-01  6.80e-02  5.50e-02  2.82e-02  7.13e+04  1.91e+03 -1.00e+05
2018 02 24  2320   58173  84000   6.96e+00  1.61e-01  1.26e-01  6.80e-02  5.50e-02  2.82e-02  7.13e+04  1.89e+03 -1.00e+05
2018 02 24  2325   58173  84300   7.75e+00  2.55e-01  1.92e-01  1.29e-01  1.16e-01  8.95e-02  7.12e+04  1.83e+03 -1.00e+05
2018 02 24  2330   58173  84600   1.03e+01  3.01e-01  1.49e-01  8.68e-02  7.39e-02  4.39e-02  6.99e+04  1.80e+03 -1.00e+05
2018 02 24  2335   58173  84900   8.86e+00  2.57e-01  1.41e-01  6.86e-02  5.52e-02  2.82e-02  6.80e+04  1.77e+03 -1.00e+05
2018 02 24  2340   58173  85200   9.48e+00  3.98e-01  2.36e-01  1.33e-01  9.60e-02  6.23e-02  6.79e+04  1.74e+03 -1.00e+05
2018 02 24  2345   58173  85500   5.84e+00  1.80e-01  1.45e-01  8.41e-02  7.11e-02  3.34e-02  6.79e+04  1.69e+03 -1.00e+05
2018 02 24  2350   58173  85800   5.89e+00  1.61e-01  1.26e-01  6.80e-02  5.50e-02  2.82e-02  6.75e+04  1.67e+03 -1.00e+05
2018 02 24  2355   58173  86100   8.49e+00  3.28e-01  1.63e-01  8.17e-02  5.81e-02  2.82e-02  6.58e+04  1.64e+03 -1.00e+05
